31.1
23.2
27.2
26.1
39.1
30.4
35.3
31.9
30.0
25.1
30.2
36.8
26.8
24.9
27.7
32.1
27.6
23.8
39.9
32.9
 
 
30.3
34.9
28.4
34.0
25.5
27.0
30.0
26.8
36.3
29.1
23.6
27.7
26.3
22.4
32.8
27.8
26.3
34.9
20.2
30.8
 
 
25.8
24.0
33.3
23.1
35.7
21.7
23.6
24.1
26.4
31.5
30.3
34.6
31.8
21.7
25.2
24.8
38.8
30.4
28.7
27.0
 
 
35.2
26.6
25.3
26.9
32.5
29.2
38.8
25.0
20.2
27.9
25.2
24.7
27.1
25.0
26.8
27.5
35.5
26.7
25.6
30.8
 
 
40.9
34.7
32.5
41.7
27.9
28.8
37.2
22.2
26.2
20.2
24.5
31.4
28.8
36.5
28.5
29.3
37.7
28.6
27.8
28.8
 
 
32.1
30.7
27.2
22.8
28.9
26.4
28.4
25.5
33.8
34.3
28.5
31.3
25.5
32.2
25.0
26.6
27.4
33.3
28.0
21.9
 
 
31.3
36.8
29.0
30.3
26.0
25.5
27.8
30.8
24.1
31.8
27.5
25.6
30.5
34.8
28.5
29.1
23.5
29.9
27.7
34.0
 
 
29.8
29.7
30.4
34.2
44.3
28.4
27.4
40.2
27.4
25.8
23.6
30.7
25.6
27.1
30.4
25.2
36.3
36.2
28.6
19.8
 
 
37.1
28.1
23.1
32.2
23.9
29.7
25.6
24.5
19.6
38.8
29.5
29.9
31.0
35.2
32.9
27.3
34.5
37.1
28.4
31.8
 
 
26.4
37.1
36.3
28.6
33.0
26.1
26.8
31.4
26.2
29.0
28.8
32.9
30.5
25.5
33.6
31.9
20.7
31.5
42.9
26.7
 
 
29.0
34.6
26.3
33.7
25.4
24.0
22.8
26.2
26.0
29.1
26.3
33.8
29.4
39.4
33.3
38.2
23.8
25.7
30.5
34.2
 
 
23.7
25.0
37.3
31.9
22.7
29.2
28.6
31.8
33.1
25.1
30.5
34.0
26.7
28.0
29.1
29.6
33.3
29.8
29.2
31.7
 
 
27.2
23.3
29.0
45.4
23.5
28.6
22.5
26.6
33.1
36.0
28.6
27.5
35.2
24.0
16.6
32.2
25.9
34.3
31.1
31.1
 
 
34.7
21.4
30.9
29.0
28.1
30.7
29.3
33.4
28.7
37.6
32.6
27.5
28.8
27.6
25.2
28.1
29.6
32.4
28.8
29.9
 
 
25.7
25.1
32.4
29.7
24.5
26.9
33.1
27.9
38.0
28.3
31.5
31.3
28.8
28.2
22.4
27.6
34.5
32.2
37.4
31.9
 
 
28.8
28.8
29.3
29.0
31.7
31.5
38.3
32.4
29.3
29.1
28.4
28.4
27.6
32.8
33.2
29.2
31.9
34.6
29.3
26.8
 
 
24.8
32.8
32.7
24.5
28.8
29.4
33.0
27.1
34.0
31.4
24.0
32.8
29.2
36.5
33.9
28.9
31.7
22.7
38.2
30.9
 
 
24.9
30.2
35.3
32.1
25.1
24.7
24.6
34.4
28.7
17.7
33.6
26.4
36.5
