26.2
23.1
27.6
31.9
26.0
29.5
24.7
29.9
26.5
28.3
30.6
22.3
25.4
25.4
29.3
29.2
29.1
24.0
29.4
28.2
 
 
29.5
31.5
21.8
26.4
31.7
23.4
26.6
27.9
20.9
30.3
26.7
27.4
30.2
29.2
25.0
27.7
29.5
26.4
26.4
29.2
 
 
20.1
28.0
27.5
27.1
25.2
32.0
25.3
35.5
28.1
30.9
28.6
32.9
26.6
22.4
21.6
31.8
29.4
33.4
21.9
30.4
 
 
27.5
28.9
27.2
28.1
20.2
27.9
28.9
27.5
23.4
32.4
24.7
24.8
24.5
29.2
27.5
23.6
24.8
39.5
26.5
24.5
 
 
30.8
31.9
25.6
20.7
27.3
29.0
29.9
26.7
28.8
26.4
33.8
25.9
33.6
28.2
31.8
33.7
27.1
28.5
26.9
27.3
 
 
26.3
32.5
29.6
31.4
23.1
27.0
35.5
28.8
28.7
29.5
27.4
25.2
27.2
27.7
35.0
26.0
25.0
28.2
27.4
35.2
 
 
38.1
28.1
30.7
27.3
29.6
30.7
28.2
33.4
33.0
29.4
26.6
33.8
26.6
31.1
27.5
25.1
24.6
28.3
32.5
28.3
 
 
20.1
26.3
29.6
29.1
23.9
30.4
28.5
30.9
29.2
24.7
24.1
33.3
27.9
21.7
33.3
35.4
30.9
26.8
22.5
21.1
 
 
24.1
28.9
30.4
30.7
24.3
23.7
34.1
23.9
31.7
23.5
30.0
28.0
30.8
30.8
30.1
27.4
24.8
26.4
23.6
27.7
 
 
27.9
28.1
28.0
31.4
24.9
27.5
27.8
26.2
29.5
26.0
34.4
30.1
38.5
29.3
28.7
29.1
30.2
30.3
29.2
24.2
 
 
22.8
21.5
34.0
30.0
24.7
33.0
27.5
27.0
24.7
36.2
35.3
26.3
30.8
23.9
28.3
23.3
29.2
25.5
31.7
28.0
 
 
26.3
26.6
17.8
22.9
20.8
26.4
33.1
25.0
28.4
36.1
27.9
22.2
30.0
26.2
23.0
26.7
27.6
28.8
22.1
24.6
 
 
25.7
30.5
30.7
22.2
30.2
33.1
27.7
28.6
29.3
26.5
29.9
25.2
24.6
26.1
27.5
32.3
31.2
28.6
26.2
26.0
 
 
28.5
22.7
22.8
26.0
31.7
25.6
31.2
30.4
24.4
22.5
27.0
26.7
33.9
23.7
26.2
29.9
33.2
27.7
30.4
27.4
 
 
23.0
28.3
24.4
26.4
29.7
30.0
28.4
32.3
27.1
23.1
34.6
35.2
30.2
23.1
22.2
32.2
28.7
33.3
26.6
28.2
 
 
24.1
34.5
25.2
31.6
26.9
23.4
33.6
28.8
27.8
28.1
35.0
27.4
31.8
22.5
27.3
30.9
26.2
27.9
27.5
31.5
 
 
27.8
25.3
18.7
20.3
26.7
30.7
29.4
25.5
25.9
32.4
27.1
29.4
25.9
24.6
23.0
30.3
33.9
25.5
30.7
25.0
 
 
27.7
30.2
29.1
29.5
26.5
24.0
24.8
20.1
26.0
26.3
27.4
24.8
29.4