Kansas							4.3431		8		0	0.697922		4.34663
Duke							4.2601		9		1	1.58719		3.79541
Virginia						3.8421		9		0	1.78328		3.4477
Michigan						3.8421		10		0	1.18447		3.78699
Gonzaga							3.6671		9		1	0.805765		3.90249
Texas Tech						3.4361		9		0	1.92709		3.13602
Auburn							3.3161		8		1	1.90789		3.07874
Virginia Tech					3.0751		8		1	1.7473		3.03295
Nebraska						3.0701		8		2	1.23279		3.32182
Nevada							2.9831		10		0	0.883788		3.47075
Florida State					2.8801		8		1	0.670495		3.5332
NC State						2.8121		8		1	2.1011		2.6837
Kansas State					2.8001		6		2	1.10173		3.24329
Wisconsin						2.6971		8		2	0.603833		3.46721
Houston							2.6281		9		0	0.973593		3.21811
Cincinnati						2.5861		9		1	1.37567		2.96654
Tennessee						2.5661		7		1	1.04324		3.14384
Marquette						2.5311		8		2	0.163068		3.62277
Iowa State						2.4501		8		2	1.0775		3.05865
Iowa							2.4151		7		2	0.134395		3.57311
Indiana							2.4071		8		2	0.493884		3.36524
Michigan State					2.2941		8		2	0.630396		3.22338
Mississippi State				2.2571		8		1	0.8041		3.10391
UNC								2.2511		7		2	1.17304		2.89143
Ohio State						2.2351		8		1	0.810278		3.0884
Arizona State					2.2011		7		1	0.626668		3.1729
Maryland						2.1491		9		2	0.684096		3.11121
Syracuse						2.0641		7		2	0.729529		3.03704
Butler							1.9431		7		2	0.812341		2.92151
Purdue							1.9261		6		4	0.666069		2.99484
St. John's (NY)					1.9001		9		0	0.926448		2.83238
Louisville						1.7301		7		3	0.447219		3.008
Ole Miss						1.7281		7		2	0.57606		2.93376
Arizona							1.7241		7		3	0.6392		2.89544
LSU								1.7001		7		3	0.510494		2.955
UCLA							1.6591		7		2	0.295765		3.05315
Minnesota						1.6061		9		2	0.132588		3.116
Georgetown						1.5801		7		2	-0.00813289		3.18079
Duquesne						1.5631		6		2	0.0659529		3.12914
Buffalo							1.5471		9		0	1.27219		2.43631
UCF								1.4181		8		2	0.461018		2.82308
Washington						1.4121		7		3	0.0800158		3.03558
Clemson							1.4101		6		3	0.443736		2.82825
Temple							1.3851		8		2	0.548037		2.75517
VCU								1.3481		7		3	0.138974		2.96568
Saint Louis						1.3371		7		2	0.0811553		2.99274
Creighton						1.3191		6		3	-0.00154913		3.02892
DePaul							1.2961		6		2	0.577807		2.68798
Murray State					1.2931		6		1	1.37625		2.23348
Notre Dame						1.2781		6		3	0.684411		2.61691
San Francisco					1.2711		8		1	1.41432		2.19969
Belmont							1.2181		7		1	0.725959		2.55975
Oregon							1.2071		6		3	0.415644		2.72938
New Mexico State				1.1791		7		2	0.910937		2.43232
Texas							1.1751		6		3	0.240692		2.81024
Oklahoma						1.1641		8		1	0.237639		2.80587
Kentucky						1.1551		7		2	0.876171		2.43859
Missouri						1.1351		6		3	-0.0269169		2.93908
TCU								1.0851		7		1	0.551111		2.58348
Penn State						1.0671		5		4	0.383097		2.6684
Seton Hall						1.0641		6		3	0.42552		2.64274
Utah State						1.0511		8		2	0.784169		2.43182
Oregon State					0.9731		6		2	0.335349		2.64207
Northwestern					0.8911		7		3	0.623457		2.43213
Loyola Marymount				0.8691		9		1	1.06402		2.1703
College of Charleston			0.8571		8		2	0.436526		2.51908
UConn							0.8351		7		3	0.691421		2.36211
Pitt							0.8121		7		3	0.599048		2.4016
Toledo							0.7591		9		1	0.582237		2.38111
Liberty							0.7381		8		2	1.28703		1.96961
San Diego						0.7221		8		3	0.481032		2.41713
Villanova						0.7131		8		3	0.329128		2.49821
Davidson						0.6341		8		1	0.261393		2.49191
Alabama							0.6291		6		3	0.113066		2.57329
Arkansas						0.5821		6		2	0.729028		2.19707
Fresno State					0.5791		7		2	0.538788		2.30371
Tulsa							0.5671		7		3	0.125464		2.53075
Vanderbilt						0.5581		6		2	0.323062		2.41406
Colorado						0.5251		8		1	0.826304		2.10984
Ohio							0.4821		6		3	0.194024		2.44394
Old Dominion					0.4671		7		3	0.560727		2.22733
Xavier							0.4371		6		4	0.0528848		2.4982
Lipscomb						0.3611		7		3	0.757977		2.05537
South Florida					0.3041		6		2	0.612254		2.10568
Boston College					0.2901		7		2	0.160539		2.35416
Furman							0.2381		11		0	1.00007		1.84847
Penn							0.2041		9		2	0.557966		2.08006
Marshall						0.1731		6		4	0.200355		2.2652
Georgia State					0.1441		7		3	-0.150041		2.44754
Abilene Christian				0.1331		9		1	1.44185		1.53881
Memphis							0.0871		5		4	0.0810996		2.28398
Saint Mary's					0.0521		7		4	0.561883		1.99158
Hofstra							0.0401		8		3	0.447089		2.05001
Rutgers							0.0141		5		4	0.224921		2.16099
UNC Greensboro					0.0131		9		2	1.26692		1.56994
ETSU							-0.0169		8		3	1.0719		1.66352
Georgia Southern				-0.0209		6		3	0.519949		1.97411
Kent State						-0.0259		8		1	0.632833		1.90699
North Texas						-0.0479		10		1	1.084		1.63917
UC-Irvine						-0.1399		9		2	0.284097		2.0405
Citadel							-0.1509		7		2	0.77974		1.75309
Providence						-0.1509		7		3	0.0188395		2.1843
Dayton							-0.1529		5		4	-0.0536564		2.22407
UCSB							-0.1629		7		2	0.451515		1.93217
BYU								-0.1659		8		4	0.320857		2.00481
West Virginia					-0.1839		6		3	0.0988189		2.12014
Wofford							-0.2199		8		3	1.26759		1.43747
Florida							-0.2299		5		4	0.745173		1.72765
Wichita State					-0.2499		5		4	-0.0850714		2.18693
San Diego State					-0.2689		6		4	0.346583		1.93163
Rhode Island					-0.3019		4		3	0.603371		1.76744
Georgia							-0.3129		5		3	-0.127746		2.17556
USC								-0.3309		5		4	-0.156865		2.18188
Georgia Tech					-0.3549		5		3	0.438806		1.83056
Seattle							-0.3589		9		3	0.500806		1.79341
Samford							-0.3809		8		2	0.110452		2.00228
Samford							-0.3809		8		2	0.110452		2.00228
Texas A&M						-0.4209		3		4	0.0422859		2.0181
Northern Colorado				-0.4269		6		1	1.12838		1.39902
Baylor							-0.4459		5		3	0.342299		1.83371
Radford							-0.5029		6		3	0.470472		1.72877
Northern Kentucky				-0.6009		8		3	0.751946		1.51362
Yale							-0.6049		5		3	-0.332444		2.12607
Stanford						-0.6299		4		4	-0.682631		2.31022
Texas State						-0.6859		9		1	0.931986		1.36383
Montana							-0.7099		5		3	0.0900902		1.82722
Alabama-Birmingham				-0.7139		6		3	0.155521		1.78763
Miami (FL)						-0.7579		5		4	0.500818		1.56736
Akron							-0.7699		6		3	0.734409		1.42772
Stony Brook						-0.7949		9		2	0.190067		1.72212
Drake							-0.8389		6		1	0.186522		1.69909
Vermont							-0.8739		7		3	0.524114		1.48797
Louisiana Tech					-0.8749		8		3	0.479978		1.51236
Central Michigan				-0.8799		8		2	0.821717		1.31634
Ball State						-0.9269		6		4	-0.127581		1.82735
Bradley							-0.9529		7		3	0.218567		1.61678
Oklahoma State					-0.9779		4		5	-0.121443		1.7951
Lehigh							-1.0259		6		3	-0.37908		1.91383
IUPUI							-1.0379		7		3	0.301465		1.52145
Grand Canyon					-1.0459		5		4	0.396453		1.46297
SMU								-1.0749		6		4	0.58009		1.34243
Brown							-1.1089		7		4	0.0108721		1.64562
St. Joseph's					-1.1449		5		5	0.155616		1.54349
Green Bay						-1.1489		6		4	0.651116		1.26005
Miami (OH)						-1.1719		6		4	0.351911		1.41707
Illinois						-1.2089		3		7	-0.10462		1.65447
Holy Cross						-1.2389		6		4	-0.103342		1.63698
Fordham							-1.3059		7		3	0.558447		1.2238
Florida Atlantic				-1.3089		7		2	0.277435		1.38159
Florida Atlantic				-1.3089		7		2	0.277435		1.38159
Austin Peay						-1.3269		5		4	0.891902		1.02305
Pacific							-1.3359		8		4	0.0254781		1.50886
NJIT							-1.3439		10		2	0.221316		1.39361
Southern Illinois				-1.3619		7		4	-0.288407		1.67208
Washington State				-1.3999		5		3	0.304842		1.31405
Weber State						-1.4049		5		4	0.149574		1.3997
Jacksonville State				-1.4179		5		4	0.459767		1.21624
Utah Valley						-1.4399		7		4	-0.0721802		1.50526
Louisiana						-1.4589		7		3	0.230764		1.32269
New Mexico						-1.4669		4		4	-0.665812		1.82659
Eastern Kentucky				-1.4739		6		4	0.00835065		1.44051
Missouri State					-1.5009		4		5	-0.449175		1.68422
Illinois State					-1.5189		6		5	-0.366738		1.6273
Rider							-1.5369		3		3	0.0289966		1.39314
Loyola (IL)						-1.5709		5		5	-0.112706		1.45426
Texas-Rio Grande Valley			-1.6099		7		4	0.0471257		1.34151
UMass							-1.6109		6		5	0.0634643		1.3314
Portland State					-1.6129		5		4	1.27822		0.642026
Campbell						-1.6359		4		4	0.125405		1.28201
Bowling Green State				-1.6909		5		5	0.0322861		1.30396
Troy							-1.6949		4		5	0.260939		1.17223
Marist							-1.7419		4		4	-0.240083		1.42908
Texas Southern					-1.7469		4		6	-0.632852		1.64909
Gardner-Webb					-1.7499		6		5	0.816699		0.825931
California						-1.7589		3		5	-0.538605		1.5892
Western Kentucky				-1.7659		5		4	-0.369416		1.48927
Florida International			-1.7739		7		2	0.653802		0.904522
Utah							-1.7789		4		4	-0.342854		1.46675
Pepperdine						-1.8049		6		4	0.170357		1.16117
Evansville						-1.8119		5		4	-0.185258		1.35881
Morgan State					-1.9039		4		5	-0.511581		1.4912
Colgate							-1.9129		7		4	-0.258937		1.34325
New Orleans						-1.9459		4		3	0.629559		0.821046
Mercer							-1.9679		4		6	0.39168		0.943404
UNLV							-2.0139		4		4	0.238652		1.00407
Indiana State					-2.0629		6		2	0.0817353		1.06514
Southern Miss					-2.0779		7		2	1.18119		0.433501
American						-2.0829		5		3	-0.103618		1.15896
Louisiana-Monroe				-2.0849		4		4	-0.262349		1.24769
Dartmouth						-2.0859		6		5	0.13122		1.02364
Presbyterian					-2.0919		5		5	0.62692		0.739296
Central Connecticut				-2.1179		5		5	-0.318871		1.26106
South Carolina					-2.1259		4		5	0.0546084		1.04486
Eastern Michigan				-2.1449		5		5	-0.105011		1.12436
Saint Francis (PA)				-2.1629		3		6	-0.574489		1.37998
Wake Forest						-2.1749		5		3	-0.0640311		1.08429
Delaware						-2.1989		8		3	-0.235329		1.16748
East Carolina					-2.2239		6		4	-0.060331		1.05399
Sacramento State				-2.2269		5		2	0.652895		0.648478
UIC								-2.2689		4		6	-0.62071		1.34651
Wright State					-2.2889		4		6	-0.035528		1.00321
Purdue-Fort Wayne				-2.2949		6		6	-0.0791305		1.02479
Nicholls State					-2.2989		5		4	-0.237886		1.11246
UMass-Lowell					-2.2999		6		7	-0.19265		1.08615
UNC Wilmington					-2.3249		4		6	-0.533694		1.26544
Charleston Southern				-2.3329		4		5	0.601931		0.61714
Longwood						-2.3609		7		4	-0.0950544		0.996408
Cal State Bakersfield			-2.3829		5		4	0.159745		0.839128
Boston University				-2.3909		6		4	-0.175984		1.02533
North Florida					-2.3929		4		6	-0.67344		1.30589
Howard							-2.4149		6		3	0.357974		0.708697
St. Bonaventure					-2.4289		4		6	0.14725		0.820535
Harvard							-2.4319		4		5	-0.6564		1.27432
Stephen F. Austin				-2.4489		5		3	-0.402069		1.12023
Detroit							-2.4879		3		7	-0.816363		1.33312
Richmond						-2.4989		4		5	-0.094289		0.917862
St. Francis (NY)				-2.4999		6		4	0.134024		0.787862
Southern Utah					-2.5399		4		3	0.623717		0.4875
Central Arkansas				-2.5519		4		5	-0.516721		1.12729
George Mason					-2.5529		5		6	-0.389099		1.05419
Omaha							-2.6099		3		7	-0.506993		1.08841
Hawaii							-2.6289		5		4	-0.0517753		0.819663
James Madison					-2.6409		7		5	-0.187412		0.890146
UTEP							-2.6559		3		5	-0.683767		1.16257
Appalachian State				-2.6849		4		5	-0.0315947		0.776834
Coastal Carolina				-2.6899		5		5	0.321957		0.573372
Northern Iowa					-2.7199		4		5	-0.293938		0.905655
Drexel							-2.7289		5		5	-0.00335598		0.735557
Boise State						-2.7779		4		5	-0.0718291		0.746688
Cleveland State					-2.7849		4		7	-0.590088		1.03678
Northern Illinois				-2.7909		5		4	0.361339		0.493823
South Dakota					-2.7969		5		5	0.272355		0.540629
Lamar							-2.8149		4		5	0.0709504		0.644731
UMBC							-2.8169		6		5	0.380008		0.46865
North Dakota State				-2.8559		3		7	-0.771561		1.09913
Quinnipiac						-2.8609		4		4	-0.454705		0.917001
Southeastern Louisiana			-2.8769		4		5	-1.02797		1.23287
North Carolina A&T				-2.8929		3		6	-0.680158		1.02625
South Alabama					-2.8959		5		5	-0.375901		0.852248
Winthrop						-2.8979		4		4	-0.145406		0.720588
California Baptist				-2.9089		5		5	-0.0701725		0.67143
Middle Tennessee				-2.9099		3		7	-1.06931		1.23719
Cornell							-2.9279		4		4	-0.380358		0.836499
Long Beach State				-2.9379		3		9	-0.892839		1.12127
Valparaiso						-2.9859		6		4	0.142947		0.50707
Army							-2.9889		5		7	-0.114703		0.651294
Western Michigan				-3.0159		5		4	-0.344218		0.766202
Bethune-Cookman					-3.0339		4		7	-0.0705831		0.60104
Alabama State					-3.0459		2		5	-0.504343		0.839924
Niagara							-3.0469		4		4	-0.310462		0.729748
Hartford						-3.0519		4		7	-0.425424		0.791693
Bucknell						-3.0529		4		3	-0.301278		0.720891
Colorado State					-3.0599		5		5	-0.330271		0.733371
Fairleigh Dickinson				-3.0849		4		4	0.0815771		0.485894
Robert Morris					-3.1149		4		6	-0.20876		0.633538
Chattanooga						-3.1149		5		6	-0.074563		0.557121
Chattanooga						-3.1149		5		6	-0.074563		0.557121
Loyola (MD)						-3.1189		4		7	-0.641234		0.876068
LIU-Brooklyn					-3.1449		5		5	-0.308706		0.673186
Texas-Arlington					-3.1519		3		7	-0.616632		0.84376
Idaho State						-3.1809		4		3	-0.300142		0.648006
William & Mary					-3.2539		3		7	-0.980147		0.991653
Morehead State					-3.2709		3		6	-0.224195		0.553781
Charlotte						-3.2779		2		5	-1.07883		1.03425
Princeton						-3.3059		4		4	-0.100328		0.463458
Rice							-3.3189		3		6	-0.6305		0.756699
VMI								-3.3199		5		7	-0.293109		0.565219
Tulane							-3.3289		3		6	-0.907122		0.908035
Siena							-3.3589		4		6	-0.792933		0.826341
Alcorn State					-3.3639		4		6	0.10842		0.31237
Arkansas State					-3.3829		3		6	-0.491831		0.641785
Jacksonville					-3.4259		6		5	-0.12536		0.409607
Grambling						-3.4469		4		6	-0.314094		0.504868
Eastern Illinois				-3.4529		5		5	-0.188919		0.430793
Norfolk State					-3.4529		4		7	0.201657		0.209232
Portland						-3.4599		6		5	-0.609223		0.664889
UT-Martin						-3.4749		3		4	-0.196536		0.422493
Little Rock						-3.4929		5		6	-0.27726		0.45765
Sam Houston State				-3.5039		3		7	-0.105098		0.354132
Navy							-3.5069		3		6	-1.04218		0.883563
South Carolina State			-3.5869		2		10	-0.758083		0.67708
North Carolina Central			-3.5889		4		6	0.0922233		0.194084
Arkansas-Pine Bluff				-3.6249		3		7	-1.07043		0.832546
Houston Baptist					-3.6559		2		5	-0.917935		0.728554
Texas A&M-Corpus Christi		-3.6869		4		5	0.385057		-0.0273602
Wyoming							-3.6889		3		7	-0.56243		0.508686
North Dakota					-3.7019		5		5	0.021771		0.169952
Wagner							-3.7089		4		4	-0.156227		0.266893
Florida A&M						-3.7419		3		8	-0.651766		0.529246
St. Peter's						-3.7499		2		7	-1.08979		0.772685
Denver							-3.7569		4		7	-0.624552		0.505048
Santa Clara						-3.7569		4		6	-0.773351		0.589262
Cal Poly						-3.7629		3		5	-0.899257		0.657505
Oakland							-3.7879		4		6	-0.36781		0.342204
Montana State					-3.8139		3		6	-1.26209		0.834144
North Alabama					-3.8239		2		7	-0.704792		0.512653
High Point						-3.8339		4		5	-0.523289		0.404362
Cal State Fullerton				-3.9119		3		7	-0.180571		0.16589
Western Illinois				-3.9139		4		6	-0.206092		0.178885
UC-Davis						-3.9459		2		7	-1.08061		0.65633
Iona							-3.9699		2		6	-0.902247		0.541783
Milwaukee						-4.0009		2		8	-0.860471		0.500749
Cal State Northridge			-4.0099		3		6	-0.493551		0.287589
Southeast Missouri State		-4.0339		5		5	-0.205186		0.11034
Fairfield						-4.1079		2		8	-0.596132		0.289807
Incarnate Word					-4.1399		5		6	-1.05627		0.532694
Canisius						-4.1409		2		6	-0.841813		0.410522
UMKC							-4.1589		3		7	-0.6388		0.285491
Air Force						-4.1669		4		6	-0.744746		0.340645
Hampton							-4.2289		3		7	0.242979		-0.253847
Western Carolina				-4.2689		3		8	-1.15997		0.518519
Tennessee State					-4.2919		3		5	0.108069		-0.21316
Kennesaw State					-4.3819		1		8	-1.36211		0.568974
Columbia						-4.4329		3		7	0.169686		-0.328493
UC-Riverside					-4.4409		3		7	-0.998122		0.32932
Binghamton						-4.4579		3		7	-0.604273		0.0962027
Eastern Washington				-4.4589		1		6	-1.51117		0.609769
Prairie View					-4.4729		1		9	-0.788381		0.192433
New Hampshire					-4.5129		2		8	-0.345738		-0.081284
Stetson							-4.5229		2		9	-0.818631		0.181211
Tennessee Tech					-4.5239		3		7	-0.958228		0.259599
Elon							-4.5519		3		7	-0.873747		0.195905
Northwestern State				-4.5519		2		8	-1.465		0.53068
Maine							-4.6459		2		9	-1.0383		0.235529
Florida Gulf Coast				-4.6649		3		8	-0.542195		-0.0564558
Savannah State					-4.6669		3		8	-1.42417		0.442591
Mount St. Mary's				-4.6729		0		9	-1.61089		0.544822
McNeese State					-4.7519		2		6	-0.846937		0.0670599
Chicago State					-4.8099		3		9	-1.60361		0.462967
Manhattan						-4.8639		2		7	-0.751539		-0.0504494
Albany (NY)						-4.8779		3		7	-0.439475		-0.235011
Mississippi Valley State		-4.8959		2		9	-1.50501		0.358754
George Washington				-4.9569		2		8	-1.06406		0.073863
Oral Roberts					-5.0109		3		9	-0.916704		-0.0397849
UTSA							-5.0619		3		6	-0.497105		-0.306771
SIU-Edwardsville				-5.0829		2		5	-0.345577		-0.404612
Towson							-5.0849		3		7	-0.66595		-0.223865
Youngstown State				-5.1559		3		8	-0.563582		-0.322453
Jackson State					-5.1859		2		8	-0.95609		-0.116957
Bryant							-5.2609		2		7	-1.13073		-0.0602548
Idaho							-5.2919		3		6	-0.337631		-0.527349
Northern Arizona				-5.3019		2		5	-0.868707		-0.232196
Maryland-Eastern Shore			-5.3839		1		8	-1.56468		0.115854
Lafayette						-5.4089		2		7	-1.2475		-0.0783948
USC Upstate						-5.4119		2		8	-0.715975		-0.381138
La Salle						-5.4229		0		10	-0.963135		-0.247088
Southern						-5.5509		1		9	-1.41532		-0.0636856
Delaware State					-5.9029		2		8	-1.19796		-0.386476
Alabama A&M						-5.9169		0		9	-1.65694		-0.133798
UNC Asheville					-6.1239		1		8	-1.77334		-0.185302
San Jose State					-6.2759		2		6	-0.654061		-0.905947
Monmouth						-6.4079		0		11	-1.46375		-0.521798
Coppin State					-6.6279		0		12	-2.26266		-0.193479
