15.4
20.6
14.2
19.8
18.5
17.9
16.6
18.5
18.1
15.5
16.7
16.9
14.5
18.8
18.0
15.9
14.5
14.2
14.2
16.5
 
 
17.7
15.9
14.3
18.0
15.0
17.6
14.2
17.2
16.4
16.6
12.1
18.0
15.3
17.0
13.2
13.6
16.8
15.6
16.3
16.7
 
 
14.5
21.1
15.4
19.4
16.7
15.5
15.4
17.8
18.8
17.4
15.0
14.4
17.0
19.6
15.5
19.7
14.1
13.5
16.0
17.0
 
 
17.0
16.6
13.6
14.2
15.7
15.0
16.0
21.0
17.1
16.2
14.4
14.5
17.5
19.2
17.3
18.2
15.8
13.4
15.9
16.5
 
 
13.4
18.3
19.2
17.1
16.4
14.3
17.1
16.2
19.3
14.9
15.0
18.6
19.6
18.9
17.1
13.8
18.9
14.8
15.6
16.4
 
 
14.9
14.4
17.9
17.6
17.7
14.9
14.6
18.4
19.6
12.8
17.8
15.6
13.4
13.3
17.2
21.5
15.2
17.2
15.0
14.6
 
 
15.2
14.4
13.5
13.1
16.6
17.7
14.4
17.0
20.6
17.3
18.4
19.2
14.3
16.8
16.4
17.5
19.5
16.2
17.8
18.8
 
 
15.1
14.0
17.9
13.5
17.6
18.1
18.1
17.6
17.5
14.3
14.8
19.5
16.8
20.6
16.1
14.3
17.1
14.9
15.0
18.1
 
 
17.7
16.4
19.3
20.9
18.3
17.4
15.5
17.1
18.1
17.0
17.5
15.9
18.5
17.2
17.1
14.4
15.8
15.5
12.9
22.0
 
 
14.6
16.0
15.3
15.1
16.7
17.2
18.2
17.7
20.3
19.8
18.0
14.8
14.8
18.8
17.4
18.2
15.8
14.2
19.5
11.9
 
 
15.2
13.5
16.8
18.2
14.8
14.1
14.3
17.1
16.4
23.7
17.3
18.5
14.3
13.8
18.9
13.9
14.5
18.8
18.8
15.9
 
 
17.0
16.3
15.0
15.1
16.0
16.1
19.3
15.9
11.3
14.1
16.5
18.2
19.2
16.2
13.9
17.9
15.2
15.1
17.9
15.9
 
 
17.0
14.3
17.4
15.2
15.6
17.2
12.1
16.7
15.9
15.3
17.1
14.1
14.4
16.7
13.9
15.7
16.7
16.4
16.5
15.3
 
 
14.8
10.5
18.7
12.5
19.1
15.7
18.6
16.1
15.7
14.1
19.2
18.9
16.9
13.8
13.8
14.0
18.5
18.2
18.4
16.8
 
 
14.8
16.2
17.4
17.1
21.1
15.5
14.2
19.5
14.8
12.5
14.0
19.2
16.7
14.1
13.1
20.0
20.9
17.3
17.1
13.8
 
 
13.5
14.1
18.8
20.5
14.0
15.9
17.0
20.1
17.1
21.2
15.2
16.2
15.7
16.9
14.8
15.4
15.5
18.3
15.5
18.4
 
 
15.2
14.4
15.8
16.5
16.6
15.9
16.1
13.1
16.1
18.0
14.4
15.7
11.8
18.6
16.6
13.6
16.9
15.0
18.2
22.9
 
 
16.3
17.3
18.4
15.5
17.6
18.2
12.5
13.4
16.1
14.9
15.6
19.1
16.8
