23.3
15.4
17.8
18.3
19.7
18.6
16.7
17.1
19.7
14.3
16.0
16.8
18.4
16.7
17.5
15.5
18.9
18.0
25.3
21.4
 
 
14.5
18.0
16.0
18.0
14.5
15.9
13.5
15.7
14.9
19.2
14.0
16.8
17.0
16.4
19.1
18.6
13.7
20.1
15.8
17.4
 
 
13.2
19.3
16.1
15.3
14.8
17.2
18.9
20.5
17.0
15.9
14.7
20.7
24.5
16.2
16.2
14.6
20.6
15.6
18.4
13.9
 
 
16.4
13.8
17.6
13.0
17.0
17.7
19.2
13.2
15.3
16.5
14.0
15.9
15.2
18.4
12.9
14.9
17.6
15.4
15.9
13.9
 
 
18.6
20.4
17.7
18.6
18.9
19.3
16.8
12.6
15.0
16.3
17.9
19.7
20.7
18.8
17.8
21.9
21.9
21.2
19.1
18.5
 
 
18.8
19.8
17.1
16.4
15.9
18.4
17.5
19.9
13.7
13.7
15.5
18.3
19.6
15.0
18.7
15.2
15.5
16.1
17.1
19.0
 
 
17.2
16.8
18.0
11.3
13.1
14.8
16.4
20.9
18.2
17.0
18.8
18.0
19.4
15.7
16.6
17.6
18.7
20.6
17.3
17.1
 
 
22.5
18.3
15.8
17.4
17.7
19.0
12.6
18.1
13.6
19.7
20.5
17.2
17.1
18.0
18.3
14.9
18.7
17.3
15.2
17.7
 
 
22.0
14.0
17.3
22.9
17.6
15.3
21.0
22.0
18.6
15.9
16.4
15.7
13.8
20.7
19.6
18.9
16.5
13.2
16.4
16.7
 
 
12.9
16.0
17.8
13.5
17.0
17.3
17.5
17.1
18.2
14.5
18.8
17.0
19.9
14.8
20.9
14.5
18.5
18.6
19.1
14.6
 
 
16.4
18.7
16.6
23.0
15.6
17.9
17.3
19.4
16.3
17.7
16.0
19.4
22.6
22.8
14.3
17.9
14.7
16.8
14.8
18.8
 
 
14.5
15.1
14.3
16.5
15.9
18.2
16.5
19.2
16.8
15.8
17.4
18.4
18.8
14.3
16.3
14.1
15.1
14.9
18.0
19.4
 
 
18.5
18.5
20.6
23.5
13.1
18.2
18.0
18.1
16.7
19.0
17.3
17.1
19.5
14.8
16.9
18.9
19.6
17.3
21.8
13.4
 
 
14.6
14.4
17.3
14.1
17.6
18.7
16.6
16.3
17.1
16.8
16.0
13.6
16.1
15.2
19.4
14.0
17.6
17.7
16.7
19.0
 
 
13.3
20.0
22.0
15.6
20.0
13.9
19.1
17.1
19.2
18.5
19.4
17.6
19.0
15.3
20.6
15.9
18.8
17.6
16.2
19.4
 
 
19.9
19.2
20.5
17.3
17.5
19.3
17.2
17.7
16.5
16.4
21.1
15.8
17.7
19.6
22.7
18.8
14.9
14.7
17.5
13.5
 
 
17.5
13.0
15.0
14.9
14.6
16.9
14.6
17.1
16.2
19.8
15.8
23.5
20.4
16.4
14.5
16.3
17.0
15.5
17.0
13.9
 
 
13.9
16.1
13.1
17.9
13.3
15.8
14.3
18.0
17.9
15.4
15.2
14.9
15.2