.614
.570
.551
.451
.518
.499
.542
.536
.531
.562
.591
.555
.562
.569
.475
.522
.565
.506
.566
.561
 
 
.595
.535
.588
.502
.517
.571
.561
.543
.510
.553
.566
.542
.483
.569
.572
.584
.517
.511
.554
.535
 
 
.560
.476
.526
.542
.553
.579
.575
.491
.538
.556
.563
.549
.515
.506
.526
.507
.554
.630
.571
.543
 
 
.573
.565
.563
.582
.586
.559
.566
.448
.542
.623
.578
.583
.573
.453
.599
.552
.554
.506
.583
.589
 
 
.578
.544
.522
.565
.522
.499
.526
.451
.541
.553
.540
.537
.495
.556
.533
.550
.562
.530
.553
.578
 
 
.584
.583
.552
.502
.569
.591
.547
.543
.571
.625
.531
.552
.555
.511
.551
.583
.563
.509
.596
.540
 
 
.508
.558
.550
.563
.565
.590
.534
.540
.550
.554
.584
.542
.588
.582
.571
.576
.468
.534
.554
.534
 
 
.505
.560
.415
.564
.589
.517
.523
.509
.571
.606
.577
.501
.539
.527
.575
.532
.582
.571
.579
.552
 
 
.538
.551
.515
.444
.573
.556
.550
.527
.446
.575
.571
.573
.540
.526
.546
.554
.569
.589
.564
.498
 
 
.491
.531
.568
.451
.598
.514
.568
.537
.467
.539
.600
.524
.473
.494
.597
.497
.551
.587
.519
.599
 
 
.496
.544
.557
.530
.493
.504
.544
.530
.479
.475
.570
.561
.598
.595
.575
.576
.543
.580
.545
.581
 
 
.607
.544
.646
.592
.517
.578
.454
.547
.520
.601
.595
.529
.560
.551
.502
.526
.550
.580
.570
.509
 
 
.597
.576
.562
.492
.561
.502
.581
.541
.540
.568
.485
.563
.474
.543
.586
.537
.533
.508
.511
.559
 
 
.500
.560
.507
.600
.498
.496
.580
.579
.573
.574
.514
.536
.471
.567
.543
.538
.535
.507
.485
.521
 
 
.634
.539
.529
.521
.474
.556
.496
.568
.558
.557
.545
.522
.529
.521
.583
.527
.540
.484
.541
.524
 
 
.519
.520
.543
.511
.570
.497
.519
.499
.588
.531
.478
.505
.498
.567
.574
.513
.587
.521
.551
.535
 
 
.552
.546
.590
.572
.568
.570
.579
.571
.568
.486
.529
.624
.586
.542
.559
.564
.554
.573
.549
.550
 
 
.546
.537
.560
.501
.568
.606
.571
.560
.552
.546
.566
.585
.511
