.532
.545
.467
.600
.545
.552
.542
.546
.523
.499
.541
.495
.507
.529
.577
.563
.491
.553
.503
.504
 
 
.519
.501
.506
.512
.526
.529
.502
.496
.517
.523
.498
.480
.623
.528
.493
.517
.537
.575
.500
.590
 
 
.536
.543
.487
.554
.465
.598
.573
.568
.533
.539
.458
.513
.552
.560
.529
.575
.479
.498
.545
.516
 
 
.514
.500
.523
.563
.511
.551
.534
.587
.509
.566
.514
.530
.512
.555
.509
.564
.517
.559
.511
.534
 
 
.451
.548
.499
.502
.560
.550
.534
.546
.538
.535
.595
.534
.548
.516
.570
.541
.533
.499
.500
.505
 
 
.498
.513
.543
.554
.527
.536
.547
.449
.467
.507
.501
.535
.525
.490
.551
.527
.549
.553
.532
.529
 
 
.607
.463
.532
.550
.492
.562
.584
.575
.577
.509
.483
.572
.503
.521
.552
.514
.550
.516
.499
.520
 
 
.489
.514
.543
.529
.526
.627
.561
.516
.506
.481
.528
.538
.539
.481
.527
.490
.524
.553
.508
.515
 
 
.487
.558
.555
.561
.554
.484
.539
.525
.586
.492
.537
.530
.540
.562
.509
.523
.540
.468
.438
.540
 
 
.540
.518
.498
.591
.520
.564
.577
.517
.589
.604
.533
.573
.563
.600
.443
.558
.588
.452
.507
.491
 
 
.562
.533
.573
.505
.518
.524
.503
.499
.549
.551
.561
.563
.517
.490
.555
.513
.594
.501
.525
.466
 
 
.582
.603
.526
.571
.529
.480
.557
.511
.505
.591
.465
.525
.514
.450
.455
.567
.488
.480
.565
.514
 
 
.510
.552
.484
.536
.531
.575
.531
.532
.532
.547
.510
.521
.494
.551
.560
.552
.551
.481
.498
.554
 
 
.574
.563
.471
.522
.574
.554
.477
.507
.510
.452
.541
.517
.602
.499
.539
.607
.516
.595
.512
.527
 
 
.495
.513
.525
.501
.540
.494
.623
.504
.570
.480
.497
.643
.503
.510
.546
.489
.551
.566
.512
.499
 
 
.541
.575
.540
.541
.465
.505
.501
.525
.463
.509
.507
.537
.568
.492
.425
.492
.479
.548
.519
.515
 
 
.521
.475
.491
.535
.553
.521
.482
.536
.523
.454
.543
.487
.458
.546
.546
.522
.493
.506
.511
.546
 
 
.478
.530
.505
.532
.587
.547
.474
.491
.565
.555
.543
.525
.562
